Particle Diameters (µm):
0.11283791670955126
0.11283791670955126
0.1381976597885342
0.1595769121605731
0.1595769121605731
0.1595769121605731
0.1595769121605731
0.1595769121605731
0.1595769121605731
0.1595769121605731
0.1595769121605731
0.1595769121605731
0.1595769121605731
0.1595769121605731
0.17841241161527713
0.17841241161527713
0.17841241161527713
0.17841241161527713
0.17841241161527713
0.17841241161527713
0.17841241161527713
0.17841241161527713
0.17841241161527713
0.17841241161527713
0.195441004761168
0.195441004761168
0.195441004761168
0.195441004761168
0.195441004761168
0.195441004761168
0.195441004761168
0.195441004761168
0.21110041228223764
0.21110041228223764
0.21110041228223764
0.21110041228223764
0.21110041228223764
0.21110041228223764
0.21110041228223764
0.21110041228223764
0.22567583341910252
0.22567583341910252
0.22567583341910252
0.22567583341910252
0.22567583341910252
0.22567583341910252
0.22567583341910252
0.22567583341910252
0.22567583341910252
0.22567583341910252
0.22567583341910252
0.22567583341910252
0.2393653682408596
0.2393653682408596
0.2393653682408596
0.2393653682408596
0.2393653682408596
0.2393653682408596
0.2393653682408596
0.2393653682408596
0.2393653682408596
0.2393653682408596
0.25231325220201606
0.25231325220201606
0.25231325220201606
0.25231325220201606
0.25231325220201606
0.25231325220201606
0.25231325220201606
0.25231325220201606
0.25231325220201606
0.25231325220201606
0.25231325220201606
0.25231325220201606
0.25231325220201606
0.2646283714200614
0.2646283714200614
0.2646283714200614
0.2646283714200614
0.2646283714200614
0.2646283714200614
0.2646283714200614
0.2646283714200614
0.2646283714200614
0.2646283714200614
0.2646283714200614
0.2646283714200614
0.2646283714200614
0.2646283714200614
0.2646283714200614
0.2646283714200614
0.2646283714200614
0.2763953195770684
0.2763953195770684
0.2763953195770684
0.2763953195770684
0.2763953195770684
0.2763953195770684
0.2763953195770684
0.2763953195770684
0.2763953195770684
0.2763953195770684
0.2763953195770684
0.2763953195770684
0.2763953195770684
0.2876813695875796
0.2876813695875796
0.2876813695875796
0.2876813695875796
0.2876813695875796
0.2876813695875796
0.2876813695875796
0.29854106607209235
0.29854106607209235
0.29854106607209235
0.29854106607209235
0.29854106607209235
0.29854106607209235
0.29854106607209235
0.29854106607209235
0.29854106607209235
0.29854106607209235
0.29854106607209235
0.29854106607209235
0.29854106607209235
0.29854106607209235
0.29854106607209235
0.29854106607209235
0.3090193616185517
0.3090193616185517
0.3090193616185517
0.3090193616185517
0.3090193616185517
0.3090193616185517
0.3090193616185517
0.3090193616185517
0.3090193616185517
0.3090193616185517
0.3090193616185517
0.3090193616185517
0.3090193616185517
0.3090193616185517
0.3090193616185517
0.3090193616185517
0.3191538243211462
0.3191538243211462
0.3191538243211462
0.3191538243211462
0.3191538243211462
0.3191538243211462
0.3191538243211462
0.3191538243211462
0.3191538243211462
0.3191538243211462
0.3191538243211462
0.3191538243211462
0.3191538243211462
0.3191538243211462
0.3191538243211462
0.3191538243211462
0.3191538243211462
0.3191538243211462
0.3289762321239771
0.3289762321239771
0.3289762321239771
0.3289762321239771
0.3289762321239771
0.3289762321239771
0.3289762321239771
0.3289762321239771
0.3385137501286538
0.3385137501286538
0.3385137501286538
0.3385137501286538
0.3385137501286538
0.3385137501286538
0.3385137501286538
0.3385137501286538
0.3385137501286538
0.3385137501286538
0.3385137501286538
0.3385137501286538
0.3385137501286538
0.3385137501286538
0.3385137501286538
0.3477898169151024
0.3477898169151024
0.3477898169151024
0.3477898169151024
0.3477898169151024
0.3477898169151024
0.3477898169151024
0.3477898169151024
0.35682482323055426
0.35682482323055426
0.35682482323055426
0.35682482323055426
0.35682482323055426
0.36563663957157266
0.36563663957157266
0.36563663957157266
0.36563663957157266
0.36563663957157266
0.36563663957157266
0.36563663957157266
0.36563663957157266
0.37424103185095553
0.37424103185095553
0.37424103185095553
0.37424103185095553
0.37424103185095553
0.37424103185095553
0.37424103185095553
0.37424103185095553
0.37424103185095553
0.37424103185095553
0.37424103185095553
0.37424103185095553
0.3826519928662906
0.3826519928662906
0.3826519928662906
0.3826519928662906
0.3826519928662906
0.3826519928662906
0.390882009522336
0.390882009522336
0.390882009522336
0.390882009522336
0.390882009522336
0.390882009522336
0.3989422804014327
0.3989422804014327
0.3989422804014327
0.3989422804014327
0.3989422804014327
0.3989422804014327
0.3989422804014327
0.3989422804014327
0.40684289451282196
0.40684289451282196
0.40684289451282196
0.40684289451282196
0.40684289451282196
0.40684289451282196
0.40684289451282196
0.41459297936560263
0.41459297936560263
0.41459297936560263
0.41459297936560263
0.4222008245644753
0.4222008245644753
0.4222008245644753
0.4222008245644753
0.4222008245644753
0.4296739856991561
0.4296739856991561
0.4296739856991561
0.4296739856991561
0.4370193722368317
0.4370193722368317
0.4370193722368317
0.44424332232904784
0.44424332232904784
0.44424332232904784
0.45834978442375407
0.46524264916812785
0.46524264916812785
0.46524264916812785
0.4787307364817192
0.4787307364817192
0.4853342309955121
0.4918490759365935
0.4918490759365935
0.4918490759365935
0.4918490759365935
0.4918490759365935
0.5352372348458314
0.547002095985713
0.6333012368467128
0.7938851142601842
1.2179179240065665
1.2666024736934256
