Particle Diameters (µm):
0.29854106607209235
0.3191538243211462
0.3191538243211462
0.3289762321239771
0.3385137501286538
0.3385137501286538
0.3477898169151024
0.3477898169151024
0.3477898169151024
0.35682482323055426
0.35682482323055426
0.35682482323055426
0.36563663957157266
0.36563663957157266
0.37424103185095553
0.37424103185095553
0.37424103185095553
0.3826519928662906
0.3826519928662906
0.3826519928662906
0.390882009522336
0.390882009522336
0.390882009522336
0.3989422804014327
0.3989422804014327
0.40684289451282196
0.40684289451282196
0.40684289451282196
0.40684289451282196
0.40684289451282196
0.41459297936560263
0.41459297936560263
0.41459297936560263
0.41459297936560263
0.41459297936560263
0.41459297936560263
0.4222008245644753
0.4222008245644753
0.4222008245644753
0.4296739856991561
0.4370193722368317
0.4370193722368317
0.4370193722368317
0.4370193722368317
0.4370193722368317
0.4370193722368317
0.44424332232904784
0.44424332232904784
0.44424332232904784
0.44424332232904784
0.45135166683820505
0.45834978442375407
0.46524264916812785
0.46524264916812785
0.46524264916812785
0.4720348719413148
0.4720348719413148
0.4720348719413148
0.4720348719413148
0.4720348719413148
0.4720348719413148
0.4720348719413148
0.4720348719413148
0.4787307364817192
0.4787307364817192
0.4787307364817192
0.4787307364817192
0.4853342309955121
0.4853342309955121
0.4918490759365935
0.4918490759365935
0.4918490759365935
0.4918490759365935
0.4918490759365935
0.49827874851668796
0.5046265044040321
0.5046265044040321
0.5046265044040321
0.5046265044040321
0.5046265044040321
0.5046265044040321
0.5108953969950292
0.517088294582641
0.517088294582641
0.517088294582641
0.517088294582641
0.5232078956954491
0.5232078956954491
0.5232078956954491
0.5292567428401228
0.5292567428401228
0.5292567428401228
0.5352372348458314
0.541151637980601
0.541151637980601
0.547002095985713
0.5585191925620058
0.5585191925620058
0.5641895835477563
0.5641895835477563
0.5641895835477563
0.5698035485213009
0.5753627391751592
0.5808687281605183
0.5863230142835039
0.5917270272703198
0.5917270272703198
0.5917270272703198
0.5970821321441847
0.5970821321441847
0.5970821321441847
0.60765077797465
0.60765077797465
0.6128667601500942
0.6180387232371034
0.6180387232371034
0.6180387232371034
0.6231677632421504
0.6231677632421504
0.6333012368467128
0.6383076486422924
0.6432750982580687
0.6482044814428575
0.6482044814428575
0.6530966601401967
0.6675581178124546
0.6675581178124546
0.6723094811029983
0.6723094811029983
0.6723094811029983
0.6770275002573076
0.690988298942671
0.6955796338302048
0.7046725639945928
0.7046725639945928
0.7046725639945928
0.7136496464611085
0.7225151993843567
0.7269074295019227
0.7269074295019227
0.7312732791431453
0.7312732791431453
0.7399277020331919
0.7484820637019111
0.7527227892173503
0.7569397566060481
0.7611333607551959
0.7653039857325812
0.7694520051971083
0.773577782789505
0.773577782789505
0.7938851142601842
0.7938851142601842
0.8058239062071396
0.8097643889049512
0.8136857890256439
0.8253382073025046
0.8444016491289505
0.8444016491289505
0.863044108762739
0.8667244841319219
0.8848967849484624
0.8920620580763856
0.895623198216277
0.8991702346646204
0.9132206205520831
0.9132206205520831
0.9166995688475081
0.9640875829802337
0.9804569629897316
0.9869286963719311
0.9965574970333759
1.0060941497019324
1.0186708148166206
1.0249012754438886
1.0280023453913836
1.0433694507453073
1.0433694507453073
1.049453289192004
1.052482020710849
1.1141851534268368
1.1141851534268368
1.1340070282773886
1.1396070970426018
1.1534883286137945
1.1589942707777279
1.1672044863118989
1.1672044863118989
1.1753573524837677
1.1888212206450686
1.1968268412042982
1.1968268412042982
1.2074184356393445
1.2205286835384659
1.241217083805064
1.241217083805064
1.2791062563308353
1.2791062563308353
1.2791062563308353
1.2914889870235298
1.3037541149394092
1.3134837582232015
1.3279445656570914
1.3279445656570914
1.3303394180365686
1.3398760233979037
1.3493452297211723
1.358748446131949
1.361089099798269
1.3773623058786648
1.3842779759955803
1.4361922094451578
1.4384068479378982
1.4690612745308145
1.5012108426804138
1.5033297016639144
1.5033297016639144
1.5138795132120961
1.54715556557901
1.5553633450087505
1.5957691216057308
1.5957691216057308
1.6526036498377115
1.6717538098337574
1.6755575776860174
1.6774562271083888
1.6812470934731936
1.6944483389521772
1.742606184481555
1.7444318593504988
1.7480774889473267
1.758969042850512
1.7715912276177528
1.7965695772509447
1.8106882193500473
1.8229523339239497
1.904923279949934
1.9215604803731712
1.938054864282415
1.9413369239820484
2.00585068271871
2.0310825007719226
2.0590987552733093
2.0698915594865888
2.072964896828013
2.1064756854523723
2.1079862454783043
2.1290215544369624
2.149851052372848
2.2240808508901173
2.2297982918171795
2.2595775212167437
2.2680140565547773
2.301450956700637
2.3042154633509493
2.3179885415554558
2.322104535104614
2.3452920571340155
2.358825303088947
2.3923235052108978
2.4501682500241273
2.4747287144606647
2.5092169194223484
2.747782833536798
2.7914558950087667
2.9141907561763243
3.08400703617415
3.1725318912709866
3.176542679081483
3.2252700786889585
3.28782659743508
3.298459020476375
3.3568094927931478
3.626646453283561
3.7972934893323322
3.798969628672105
3.9702273944726785
6.380582609990003
